# vtk DataFile Version 3.0
VTK file formatted in classic ASCII
ASCII
DATASET UNSTRUCTURED_GRID
POINTS 267 float
-1.49999997E-02 -1.49999997E-02 +0.00000000E+00 +1.74374998E-01 -1.49999997E-02 +0.00000000E+00
+1.74374998E-01 +1.74374998E-01 +0.00000000E+00 -1.49999997E-02 +1.74374998E-01 +0.00000000E+00
+3.63750011E-01 -1.49999997E-02 +0.00000000E+00 +3.63750011E-01 +1.74374998E-01 +0.00000000E+00
+3.63750011E-01 +3.63750011E-01 +0.00000000E+00 +1.74374998E-01 +3.63750011E-01 +0.00000000E+00
-1.49999997E-02 +3.63750011E-01 +0.00000000E+00 +5.53125024E-01 -1.49999997E-02 +0.00000000E+00
+5.53125024E-01 +1.74374998E-01 +0.00000000E+00 +7.42500007E-01 -1.49999997E-02 +0.00000000E+00
+7.42500007E-01 +1.74374998E-01 +0.00000000E+00 +7.42500007E-01 +3.63750011E-01 +0.00000000E+00
+5.53125024E-01 +3.63750011E-01 +0.00000000E+00 +5.53125024E-01 +5.53125024E-01 +0.00000000E+00
+3.63750011E-01 +5.53125024E-01 +0.00000000E+00 +7.42500007E-01 +5.53125024E-01 +0.00000000E+00
+7.42500007E-01 +7.42500007E-01 +0.00000000E+00 +5.53125024E-01 +7.42500007E-01 +0.00000000E+00
+3.63750011E-01 +7.42500007E-01 +0.00000000E+00 +1.74374998E-01 +5.53125024E-01 +0.00000000E+00
-1.49999997E-02 +5.53125024E-01 +0.00000000E+00 +1.74374998E-01 +7.42500007E-01 +0.00000000E+00
-1.49999997E-02 +7.42500007E-01 +0.00000000E+00 +9.31874990E-01 -1.49999997E-02 +0.00000000E+00
+9.31874990E-01 +1.74374998E-01 +0.00000000E+00 +1.12125003E+00 -1.49999997E-02 +0.00000000E+00
+1.12125003E+00 +1.74374998E-01 +0.00000000E+00 +1.12125003E+00 +3.63750011E-01 +0.00000000E+00
+9.31874990E-01 +3.63750011E-01 +0.00000000E+00 +1.31062996E+00 -1.49999997E-02 +0.00000000E+00
+1.31062996E+00 +1.74374998E-01 +0.00000000E+00 +1.50000000E+00 -1.49999997E-02 +0.00000000E+00
+1.50000000E+00 +1.74374998E-01 +0.00000000E+00 +1.50000000E+00 +3.63750011E-01 +0.00000000E+00
+1.31062996E+00 +3.63750011E-01 +0.00000000E+00 +1.31062996E+00 +5.53125024E-01 +0.00000000E+00
+1.12125003E+00 +5.53125024E-01 +0.00000000E+00 +1.50000000E+00 +5.53125024E-01 +0.00000000E+00
+1.50000000E+00 +7.42500007E-01 +0.00000000E+00 +1.31062996E+00 +7.42500007E-01 +0.00000000E+00
+1.12125003E+00 +7.42500007E-01 +0.00000000E+00 +9.31874990E-01 +5.53125024E-01 +0.00000000E+00
+9.31874990E-01 +7.42500007E-01 +0.00000000E+00 +9.31874990E-01 +9.31874990E-01 +0.00000000E+00
+7.42500007E-01 +9.31874990E-01 +0.00000000E+00 +1.12125003E+00 +9.31874990E-01 +0.00000000E+00
+1.12125003E+00 +1.12125003E+00 +0.00000000E+00 +9.31874990E-01 +1.12125003E+00 +0.00000000E+00
+7.42500007E-01 +1.12125003E+00 +0.00000000E+00 +1.31062996E+00 +9.31874990E-01 +0.00000000E+00
+1.50000000E+00 +9.31874990E-01 +0.00000000E+00 +1.50000000E+00 +1.12125003E+00 +0.00000000E+00
+1.31062996E+00 +1.12125003E+00 +0.00000000E+00 +1.31062996E+00 +1.31062996E+00 +0.00000000E+00
+1.12125003E+00 +1.31062996E+00 +0.00000000E+00 +1.50000000E+00 +1.31062996E+00 +0.00000000E+00
+1.50000000E+00 +1.50000000E+00 +0.00000000E+00 +1.31062996E+00 +1.50000000E+00 +0.00000000E+00
+1.12125003E+00 +1.50000000E+00 +0.00000000E+00 +9.31874990E-01 +1.31062996E+00 +0.00000000E+00
+7.42500007E-01 +1.31062996E+00 +0.00000000E+00 +9.31874990E-01 +1.50000000E+00 +0.00000000E+00
+7.42500007E-01 +1.50000000E+00 +0.00000000E+00 +1.74374998E-01 +9.31874990E-01 +0.00000000E+00
-1.49999997E-02 +9.31874990E-01 +0.00000000E+00 +3.63750011E-01 +9.31874990E-01 +0.00000000E+00
+3.63750011E-01 +1.12125003E+00 +0.00000000E+00 +1.74374998E-01 +1.12125003E+00 +0.00000000E+00
-1.49999997E-02 +1.12125003E+00 +0.00000000E+00 +5.53125024E-01 +9.31874990E-01 +0.00000000E+00
+5.53125024E-01 +1.12125003E+00 +0.00000000E+00 +5.53125024E-01 +1.31062996E+00 +0.00000000E+00
+3.63750011E-01 +1.31062996E+00 +0.00000000E+00 +5.53125024E-01 +1.50000000E+00 +0.00000000E+00
+3.63750011E-01 +1.50000000E+00 +0.00000000E+00 +1.74374998E-01 +1.31062996E+00 +0.00000000E+00
-1.49999997E-02 +1.31062996E+00 +0.00000000E+00 +1.74374998E-01 +1.50000000E+00 +0.00000000E+00
-1.49999997E-02 +1.50000000E+00 +0.00000000E+00 +1.68938005E+00 -1.49999997E-02 +0.00000000E+00
+1.68938005E+00 +1.74374998E-01 +0.00000000E+00 +1.87874997E+00 -1.49999997E-02 +0.00000000E+00
+1.87874997E+00 +1.74374998E-01 +0.00000000E+00 +1.87874997E+00 +3.63750011E-01 +0.00000000E+00
+1.68938005E+00 +3.63750011E-01 +0.00000000E+00 +2.06813002E+00 -1.49999997E-02 +0.00000000E+00
+2.06813002E+00 +1.74374998E-01 +0.00000000E+00 +2.25749993E+00 -1.49999997E-02 +0.00000000E+00
+2.25749993E+00 +1.74374998E-01 +0.00000000E+00 +2.25749993E+00 +3.63750011E-01 +0.00000000E+00
+2.06813002E+00 +3.63750011E-01 +0.00000000E+00 +2.06813002E+00 +5.53125024E-01 +0.00000000E+00
+1.87874997E+00 +5.53125024E-01 +0.00000000E+00 +2.25749993E+00 +5.53125024E-01 +0.00000000E+00
+2.25749993E+00 +7.42500007E-01 +0.00000000E+00 +2.06813002E+00 +7.42500007E-01 +0.00000000E+00
+1.87874997E+00 +7.42500007E-01 +0.00000000E+00 +1.68938005E+00 +5.53125024E-01 +0.00000000E+00
+1.68938005E+00 +7.42500007E-01 +0.00000000E+00 +2.44688010E+00 -1.49999997E-02 +0.00000000E+00
+2.44688010E+00 +1.74374998E-01 +0.00000000E+00 +2.63625002E+00 -1.49999997E-02 +0.00000000E+00
+2.63625002E+00 +1.74374998E-01 +0.00000000E+00 +2.63625002E+00 +3.63750011E-01 +0.00000000E+00
+2.44688010E+00 +3.63750011E-01 +0.00000000E+00 +2.82562995E+00 -1.49999997E-02 +0.00000000E+00
+2.82562995E+00 +1.74374998E-01 +0.00000000E+00 +3.01500010E+00 -1.49999997E-02 +0.00000000E+00
+3.01500010E+00 +1.74374998E-01 +0.00000000E+00 +3.01500010E+00 +3.63750011E-01 +0.00000000E+00
+2.82562995E+00 +3.63750011E-01 +0.00000000E+00 +2.82562995E+00 +5.53125024E-01 +0.00000000E+00
+2.63625002E+00 +5.53125024E-01 +0.00000000E+00 +3.01500010E+00 +5.53125024E-01 +0.00000000E+00
+3.01500010E+00 +7.42500007E-01 +0.00000000E+00 +2.82562995E+00 +7.42500007E-01 +0.00000000E+00
+2.63625002E+00 +7.42500007E-01 +0.00000000E+00 +2.44688010E+00 +5.53125024E-01 +0.00000000E+00
+2.44688010E+00 +7.42500007E-01 +0.00000000E+00 +2.44688010E+00 +9.31874990E-01 +0.00000000E+00
+2.25749993E+00 +9.31874990E-01 +0.00000000E+00 +2.63625002E+00 +9.31874990E-01 +0.00000000E+00
+2.63625002E+00 +1.12125003E+00 +0.00000000E+00 +2.44688010E+00 +1.12125003E+00 +0.00000000E+00
+2.25749993E+00 +1.12125003E+00 +0.00000000E+00 +2.82562995E+00 +9.31874990E-01 +0.00000000E+00
+3.01500010E+00 +9.31874990E-01 +0.00000000E+00 +3.01500010E+00 +1.12125003E+00 +0.00000000E+00
+2.82562995E+00 +1.12125003E+00 +0.00000000E+00 +2.82562995E+00 +1.31062996E+00 +0.00000000E+00
+2.63625002E+00 +1.31062996E+00 +0.00000000E+00 +3.01500010E+00 +1.31062996E+00 +0.00000000E+00
+3.01500010E+00 +1.50000000E+00 +0.00000000E+00 +2.82562995E+00 +1.50000000E+00 +0.00000000E+00
+2.63625002E+00 +1.50000000E+00 +0.00000000E+00 +2.44688010E+00 +1.31062996E+00 +0.00000000E+00
+2.25749993E+00 +1.31062996E+00 +0.00000000E+00 +2.44688010E+00 +1.50000000E+00 +0.00000000E+00
+2.25749993E+00 +1.50000000E+00 +0.00000000E+00 +1.87874997E+00 +1.12125003E+00 +0.00000000E+00
+2.06813002E+00 +1.12125003E+00 +0.00000000E+00 +2.06813002E+00 +1.31062996E+00 +0.00000000E+00
+1.87874997E+00 +1.31062996E+00 +0.00000000E+00 +2.06813002E+00 +1.50000000E+00 +0.00000000E+00
+1.87874997E+00 +1.50000000E+00 +0.00000000E+00 +1.68938005E+00 +1.12125003E+00 +0.00000000E+00
+1.68938005E+00 +1.31062996E+00 +0.00000000E+00 +1.68938005E+00 +1.50000000E+00 +0.00000000E+00
+1.87874997E+00 +1.87874997E+00 +0.00000000E+00 +1.50000000E+00 +1.87874997E+00 +0.00000000E+00
+2.06813002E+00 +1.68938005E+00 +0.00000000E+00 +1.87874997E+00 +1.68938005E+00 +0.00000000E+00
+2.25749993E+00 +1.68938005E+00 +0.00000000E+00 +2.25749993E+00 +1.87874997E+00 +0.00000000E+00
+2.06813002E+00 +1.87874997E+00 +0.00000000E+00 +2.06813002E+00 +2.06813002E+00 +0.00000000E+00
+1.87874997E+00 +2.06813002E+00 +0.00000000E+00 +2.25749993E+00 +2.06813002E+00 +0.00000000E+00
+2.25749993E+00 +2.25749993E+00 +0.00000000E+00 +2.06813002E+00 +2.25749993E+00 +0.00000000E+00
+1.87874997E+00 +2.25749993E+00 +0.00000000E+00 +1.68938005E+00 +1.87874997E+00 +0.00000000E+00
+1.68938005E+00 +2.06813002E+00 +0.00000000E+00 +1.50000000E+00 +2.06813002E+00 +0.00000000E+00
+1.68938005E+00 +2.25749993E+00 +0.00000000E+00 +1.50000000E+00 +2.25749993E+00 +0.00000000E+00
+2.44688010E+00 +1.68938005E+00 +0.00000000E+00 +2.63625002E+00 +1.68938005E+00 +0.00000000E+00
+2.63625002E+00 +1.87874997E+00 +0.00000000E+00 +2.44688010E+00 +1.87874997E+00 +0.00000000E+00
+2.82562995E+00 +1.68938005E+00 +0.00000000E+00 +3.01500010E+00 +1.68938005E+00 +0.00000000E+00
+3.01500010E+00 +1.87874997E+00 +0.00000000E+00 +2.82562995E+00 +1.87874997E+00 +0.00000000E+00
+2.82562995E+00 +2.06813002E+00 +0.00000000E+00 +2.63625002E+00 +2.06813002E+00 +0.00000000E+00
+3.01500010E+00 +2.06813002E+00 +0.00000000E+00 +3.01500010E+00 +2.25749993E+00 +0.00000000E+00
+2.82562995E+00 +2.25749993E+00 +0.00000000E+00 +2.63625002E+00 +2.25749993E+00 +0.00000000E+00
+2.44688010E+00 +2.06813002E+00 +0.00000000E+00 +2.44688010E+00 +2.25749993E+00 +0.00000000E+00
+3.01500010E+00 +3.01500010E+00 +0.00000000E+00 +2.25749993E+00 +3.01500010E+00 +0.00000000E+00
+1.68938005E+00 +2.44688010E+00 +0.00000000E+00 +1.50000000E+00 +2.44688010E+00 +0.00000000E+00
+1.87874997E+00 +2.44688010E+00 +0.00000000E+00 +1.87874997E+00 +2.63625002E+00 +0.00000000E+00
+1.68938005E+00 +2.63625002E+00 +0.00000000E+00 +1.50000000E+00 +2.63625002E+00 +0.00000000E+00
+2.06813002E+00 +2.44688010E+00 +0.00000000E+00 +2.25749993E+00 +2.44688010E+00 +0.00000000E+00
+2.25749993E+00 +2.63625002E+00 +0.00000000E+00 +2.06813002E+00 +2.63625002E+00 +0.00000000E+00
+2.06813002E+00 +2.82562995E+00 +0.00000000E+00 +1.87874997E+00 +2.82562995E+00 +0.00000000E+00
+2.25749993E+00 +2.82562995E+00 +0.00000000E+00 +2.06813002E+00 +3.01500010E+00 +0.00000000E+00
+1.87874997E+00 +3.01500010E+00 +0.00000000E+00 +1.68938005E+00 +2.82562995E+00 +0.00000000E+00
+1.50000000E+00 +2.82562995E+00 +0.00000000E+00 +1.68938005E+00 +3.01500010E+00 +0.00000000E+00
+1.50000000E+00 +3.01500010E+00 +0.00000000E+00 +1.74374998E-01 +1.68938005E+00 +0.00000000E+00
-1.49999997E-02 +1.68938005E+00 +0.00000000E+00 +3.63750011E-01 +1.68938005E+00 +0.00000000E+00
+3.63750011E-01 +1.87874997E+00 +0.00000000E+00 +1.74374998E-01 +1.87874997E+00 +0.00000000E+00
-1.49999997E-02 +1.87874997E+00 +0.00000000E+00 +5.53125024E-01 +1.68938005E+00 +0.00000000E+00
+7.42500007E-01 +1.68938005E+00 +0.00000000E+00 +7.42500007E-01 +1.87874997E+00 +0.00000000E+00
+5.53125024E-01 +1.87874997E+00 +0.00000000E+00 +5.53125024E-01 +2.06813002E+00 +0.00000000E+00
+3.63750011E-01 +2.06813002E+00 +0.00000000E+00 +7.42500007E-01 +2.06813002E+00 +0.00000000E+00
+7.42500007E-01 +2.25749993E+00 +0.00000000E+00 +5.53125024E-01 +2.25749993E+00 +0.00000000E+00
+3.63750011E-01 +2.25749993E+00 +0.00000000E+00 +1.74374998E-01 +2.06813002E+00 +0.00000000E+00
-1.49999997E-02 +2.06813002E+00 +0.00000000E+00 +1.74374998E-01 +2.25749993E+00 +0.00000000E+00
-1.49999997E-02 +2.25749993E+00 +0.00000000E+00 +1.12125003E+00 +1.87874997E+00 +0.00000000E+00
+1.31062996E+00 +1.68938005E+00 +0.00000000E+00 +1.12125003E+00 +1.68938005E+00 +0.00000000E+00
+1.50000000E+00 +1.68938005E+00 +0.00000000E+00 +1.31062996E+00 +1.87874997E+00 +0.00000000E+00
+1.31062996E+00 +2.06813002E+00 +0.00000000E+00 +1.12125003E+00 +2.06813002E+00 +0.00000000E+00
+1.31062996E+00 +2.25749993E+00 +0.00000000E+00 +1.12125003E+00 +2.25749993E+00 +0.00000000E+00
+9.31874990E-01 +2.25749993E+00 +0.00000000E+00 +9.31874990E-01 +2.44688010E+00 +0.00000000E+00
+7.42500007E-01 +2.44688010E+00 +0.00000000E+00 +1.12125003E+00 +2.44688010E+00 +0.00000000E+00
+1.12125003E+00 +2.63625002E+00 +0.00000000E+00 +9.31874990E-01 +2.63625002E+00 +0.00000000E+00
+7.42500007E-01 +2.63625002E+00 +0.00000000E+00 +1.31062996E+00 +2.44688010E+00 +0.00000000E+00
+1.31062996E+00 +2.63625002E+00 +0.00000000E+00 +1.31062996E+00 +2.82562995E+00 +0.00000000E+00
+1.12125003E+00 +2.82562995E+00 +0.00000000E+00 +1.31062996E+00 +3.01500010E+00 +0.00000000E+00
+1.12125003E+00 +3.01500010E+00 +0.00000000E+00 +9.31874990E-01 +2.82562995E+00 +0.00000000E+00
+7.42500007E-01 +2.82562995E+00 +0.00000000E+00 +9.31874990E-01 +3.01500010E+00 +0.00000000E+00
+7.42500007E-01 +3.01500010E+00 +0.00000000E+00 +1.74374998E-01 +2.44688010E+00 +0.00000000E+00
-1.49999997E-02 +2.44688010E+00 +0.00000000E+00 +3.63750011E-01 +2.44688010E+00 +0.00000000E+00
+3.63750011E-01 +2.63625002E+00 +0.00000000E+00 +1.74374998E-01 +2.63625002E+00 +0.00000000E+00
-1.49999997E-02 +2.63625002E+00 +0.00000000E+00 +5.53125024E-01 +2.44688010E+00 +0.00000000E+00
+5.53125024E-01 +2.63625002E+00 +0.00000000E+00 +5.53125024E-01 +2.82562995E+00 +0.00000000E+00
+3.63750011E-01 +2.82562995E+00 +0.00000000E+00 +5.53125024E-01 +3.01500010E+00 +0.00000000E+00
+3.63750011E-01 +3.01500010E+00 +0.00000000E+00 +1.74374998E-01 +2.82562995E+00 +0.00000000E+00
-1.49999997E-02 +2.82562995E+00 +0.00000000E+00 +1.74374998E-01 +3.01500010E+00 +0.00000000E+00
-1.49999997E-02 +3.01500010E+00 +0.00000000E+00
CELLS 226 1130
4 0 1 2 3
4 1 4 5 2
4 2 5 6 7
4 3 2 7 8
4 4 9 10 5
4 9 11 12 10
4 10 12 13 14
4 5 10 14 6
4 6 14 15 16
4 14 13 17 15
4 15 17 18 19
4 16 15 19 20
4 8 7 21 22
4 7 6 16 21
4 21 16 20 23
4 22 21 23 24
4 11 25 26 12
4 25 27 28 26
4 26 28 29 30
4 12 26 30 13
4 27 31 32 28
4 31 33 34 32
4 32 34 35 36
4 28 32 36 29
4 29 36 37 38
4 36 35 39 37
4 37 39 40 41
4 38 37 41 42
4 13 30 43 17
4 30 29 38 43
4 43 38 42 44
4 17 43 44 18
4 18 44 45 46
4 44 42 47 45
4 45 47 48 49
4 46 45 49 50
4 42 41 51 47
4 41 40 52 51
4 51 52 53 54
4 47 51 54 48
4 48 54 55 56
4 54 53 57 55
4 55 57 58 59
4 56 55 59 60
4 50 49 61 62
4 49 48 56 61
4 61 56 60 63
4 62 61 63 64
4 24 23 65 66
4 23 20 67 65
4 65 67 68 69
4 66 65 69 70
4 20 19 71 67
4 19 18 46 71
4 71 46 50 72
4 67 71 72 68
4 68 72 73 74
4 72 50 62 73
4 73 62 64 75
4 74 73 75 76
4 70 69 77 78
4 69 68 74 77
4 77 74 76 79
4 78 77 79 80
4 33 81 82 34
4 81 83 84 82
4 82 84 85 86
4 34 82 86 35
4 83 87 88 84
4 87 89 90 88
4 88 90 91 92
4 84 88 92 85
4 85 92 93 94
4 92 91 95 93
4 93 95 96 97
4 94 93 97 98
4 35 86 99 39
4 86 85 94 99
4 99 94 98 100
4 39 99 100 40
4 89 101 102 90
4 101 103 104 102
4 102 104 105 106
4 90 102 106 91
4 103 107 108 104
4 107 109 110 108
4 108 110 111 112
4 104 108 112 105
4 105 112 113 114
4 112 111 115 113
4 113 115 116 117
4 114 113 117 118
4 91 106 119 95
4 106 105 114 119
4 119 114 118 120
4 95 119 120 96
4 96 120 121 122
4 120 118 123 121
4 121 123 124 125
4 122 121 125 126
4 118 117 127 123
4 117 116 128 127
4 127 128 129 130
4 123 127 130 124
4 124 130 131 132
4 130 129 133 131
4 131 133 134 135
4 132 131 135 136
4 126 125 137 138
4 125 124 132 137
4 137 132 136 139
4 138 137 139 140
4 40 98 141 53
4 98 96 126 141
4 141 142 143 144
4 142 126 138 143
4 143 138 140 145
4 144 143 145 146
4 53 147 148 57
4 147 141 144 148
4 148 144 146 149
4 57 148 149 58
4 58 146 150 151
4 146 145 152 153
4 145 140 154 152
4 152 154 155 156
4 153 152 156 150
4 150 156 157 158
4 156 155 159 157
4 157 159 160 161
4 158 157 161 162
4 151 163 164 165
4 163 150 158 164
4 164 158 162 166
4 165 164 166 167
4 140 139 168 154
4 139 136 169 168
4 168 169 170 171
4 154 168 171 155
4 136 135 172 169
4 135 134 173 172
4 172 173 174 175
4 169 172 175 170
4 170 175 176 177
4 175 174 178 176
4 176 178 179 180
4 177 176 180 181
4 155 171 182 159
4 171 170 177 182
4 182 177 181 183
4 159 182 183 160
4 160 179 184 185
4 167 166 186 187
4 166 162 188 186
4 186 188 189 190
4 187 186 190 191
4 162 161 192 188
4 161 160 193 192
4 192 193 194 195
4 188 192 195 189
4 189 195 196 197
4 195 194 198 196
4 196 198 185 199
4 197 196 199 200
4 191 190 201 202
4 190 189 197 201
4 201 197 200 203
4 202 201 203 204
4 80 79 205 206
4 79 76 207 205
4 205 207 208 209
4 206 205 209 210
4 76 75 211 207
4 75 64 212 211
4 211 212 213 214
4 207 211 214 208
4 208 214 215 216
4 214 213 217 215
4 215 217 218 219
4 216 215 219 220
4 210 209 221 222
4 209 208 216 221
4 221 216 220 223
4 222 221 223 224
4 64 60 225 213
4 60 59 226 227
4 59 58 228 226
4 226 228 151 229
4 227 226 229 225
4 225 229 230 231
4 229 151 165 230
4 230 165 167 232
4 231 230 232 233
4 213 225 233 218
4 218 234 235 236
4 234 233 237 235
4 235 237 238 239
4 236 235 239 240
4 233 232 241 237
4 232 167 187 241
4 241 187 191 242
4 237 241 242 238
4 238 242 243 244
4 242 191 202 243
4 243 202 204 245
4 244 243 245 246
4 240 239 247 248
4 239 238 244 247
4 247 244 246 249
4 248 247 249 250
4 224 223 251 252
4 223 220 253 251
4 251 253 254 255
4 252 251 255 256
4 220 219 257 253
4 219 218 236 257
4 257 236 240 258
4 253 257 258 254
4 254 258 259 260
4 258 240 248 259
4 259 248 250 261
4 260 259 261 262
4 256 255 263 264
4 255 254 260 263
4 263 260 262 265
4 264 263 265 266
CELL_TYPES 226
9
9
9
9
9
9
9
9
9
9
9
9
9
9
9
9
9
9
9
9
9
9
9
9
9
9
9
9
9
9
9
9
9
9
9
9
9
9
9
9
9
9
9
9
9
9
9
9
9
9
9
9
9
9
9
9
9
9
9
9
9
9
9
9
9
9
9
9
9
9
9
9
9
9
9
9
9
9
9
9
9
9
9
9
9
9
9
9
9
9
9
9
9
9
9
9
9
9
9
9
9
9
9
9
9
9
9
9
9
9
9
9
9
9
9
9
9
9
9
9
9
9
9
9
9
9
9
9
9
9
9
9
9
9
9
9
9
9
9
9
9
9
9
9
9
9
9
9
9
9
9
9
9
9
9
9
9
9
9
9
9
9
9
9
9
9
9
9
9
9
9
9
9
9
9
9
9
9
9
9
9
9
9
9
9
9
9
9
9
9
9
9
9
9
9
9
9
9
9
9
9
9
9
9
9
9
9
9
9
9
9
9
9
9
9
9
9
9
9
9
9
9
9
9
9
9
